[
  [
    0.0,
    384.0,
    3816.0,
    828.0,
    384.0,
    948.0,
    1068.0,
    1632.0,
    876.0,
    1488.0,
    96.0,
    4344.0,
    948.0,
    1632.0,
    168.0,
    24.0,
    1056.0,
    96.0,
    1056.0,
    420.0,
    12.0,
    552.0,
    156.0,
    876.0,
    2052.0,
    216.0,
    2052.0,
    36.0,
    1380.0,
    2064.0,
    2328.0,
    252.0,
    2016.0,
    1092.0,
    1068.0,
    144.0,
    108.0,
    240.0,
    60.0,
    3912.0,
    648.0,
    5568.0,
    3924.0,
    1128.0,
    252.0,
    48.0,
    108.0,
    2052.0,
    744.0,
    960.0,
    84.0,
    12.0,
    840.0,
    720.0,
    732.0,
    1368.0,
    48.0,
    1128.0,
    828.0,
    888.0,
    36.0,
    2052.0,
    2027.0,
    924.0,
    228.0,
    540.0,
    1440.0,
    780.0,
    4200.0,
    936.0,
    156.0,
    96.0,
    96.0,
    168.0,
    120.0,
    156.0,
    4128.0,
    204.0,
    1104.0,
    3192.0,
    12.0,
    2064.0,
    72.0,
    876.0,
    912.0,
    6312.0,
    1128.0,
    84.0,
    2064.0,
    48.0,
    2040.0,
    4116.0,
    108.0,
    936.0,
    228.0,
    228.0,
    828.0,
    1368.0,
    756.0,
    1032.0,
    252.0,
    756.0,
    528.0,
    756.0,
    144.0,
    156.0,
    3912.0,
    624.0,
    3875.0,
    36.0,
    624.0,
    240.0,
    900.0,
    72.0,
    4476.0,
    108.0,
    96.0,
    120.0,
    768.0,
    2027.0,
    816.0,
    24.0,
    3192.0,
    936.0,
    564.0,
    1704.0,
    3204.0,
    12.0,
    96.0,
    828.0,
    1176.0,
    4272.0,
    60.0,
    3888.0,
    1380.0,
    72.0,
    48.0,
    780.0,
    24.0,
    216.0,
    144.0,
    708.0,
    24.0,
    228.0,
    240.0,
    168.0,
    4368.0,
    948.0,
    24.0,
    240.0,
    156.0,
    24.0,
    312.0,
    168.0
  ],
  [
    384.0,
    0.0,
    3696.0,
    876.0,
    0.0,
    864.0,
    1056.0,
    1992.0,
    1224.0,
    1404.0,
    408.0,
    4452.0,
    924.0,
    1992.0,
    480.0,
    372.0,
    1044.0,
    420.0,
    1032.0,
    312.0,
    372.0,
    744.0,
    456.0,
    1224.0,
    2292.0,
    540.0,
    2292.0,
    384.0,
    1284.0,
    2304.0,
    1980.0,
    564.0,
    2256.0,
    948.0,
    1176.0,
    468.0,
    408.0,
    564.0,
    408.0,
    3875.0,
    696.0,
    5940.0,
    3888.0,
    1488.0,
    564.0,
    324.0,
    420.0,
    2292.0,
    792.0,
    1296.0,
    420.0,
    360.0,
    983.0,
    983.0,
    900.0,
    996.0,
    396.0,
    1476.0,
    1176.0,
    780.0,
    396.0,
    2292.0,
    2268.0,
    876.0,
    540.0,
    888.0,
    1812.0,
    924.0,
    4308.0,
    1260.0,
    456.0,
    396.0,
    408.0,
    480.0,
    408.0,
    228.0,
    4464.0,
    540.0,
    960.0,
    3372.0,
    360.0,
    2304.0,
    420.0,
    1152.0,
    1224.0,
    6444.0,
    1308.0,
    420.0,
    2292.0,
    348.0,
    2280.0,
    4440.0,
    432.0,
    912.0,
    528.0,
    528.0,
    864.0,
    996.0,
    900.0,
    1332.0,
    552.0,
    888.0,
    888.0,
    888.0,
    456.0,
    456.0,
    3875.0,
    672.0,
    3828.0,
    396.0,
    720.0,
    552.0,
    1200.0,
    420.0,
    4848.0,
    420.0,
    396.0,
    480.0,
    912.0,
    2268.0,
    864.0,
    408.0,
    3360.0,
    840.0,
    924.0,
    1764.0,
    3372.0,
    372.0,
    396.0,
    864.0,
    792.0,
    4368.0,
    408.0,
    3864.0,
    1008.0,
    408.0,
    396.0,
    936.0,
    372.0,
    528.0,
    468.0,
    852.0,
    360.0,
    528.0,
    552.0,
    468.0,
    4476.0,
    852.0,
    360.0,
    564.0,
    456.0,
    360.0,
    684.0,
    480.0
  ],
  [
    3816.0,
    3696.0,
    0.0,
    3012.0,
    3696.0,
    2868.0,
    4752.0,
    5040.0,
    4524.0,
    5040.0,
    3912.0,
    2376.0,
    2868.0,
    5040.0,
    3972.0,
    3828.0,
    4740.0,
    3912.0,
    4728.0,
    4008.0,
    3828.0,
    4368.0,
    3972.0,
    4524.0,
    5832.0,
    4032.0,
    5820.0,
    3852.0,
    4920.0,
    5844.0,
    2748.0,
    4055.0,
    5784.0,
    4572.0,
    4860.0,
    3960.0,
    3924.0,
    4044.0,
    3875.0,
    840.0,
    4392.0,
    8292.0,
    876.0,
    4680.0,
    4055.0,
    3792.0,
    3924.0,
    5820.0,
    3096.0,
    4608.0,
    3900.0,
    3804.0,
    3120.0,
    4512.0,
    4548.0,
    3684.0,
    3864.0,
    4680.0,
    4452.0,
    4452.0,
    3852.0,
    5832.0,
    5796.0,
    2892.0,
    4032.0,
    4236.0,
    4788.0,
    4584.0,
    2376.0,
    4608.0,
    3972.0,
    3912.0,
    3912.0,
    3972.0,
    3924.0,
    3792.0,
    7524.0,
    3995.0,
    4584.0,
    7008.0,
    3816.0,
    5844.0,
    3888.0,
    4656.0,
    3564.0,
    10128.0,
    4944.0,
    3900.0,
    5832.0,
    3780.0,
    5808.0,
    7500.0,
    3924.0,
    2892.0,
    4044.0,
    4044.0,
    3024.0,
    3696.0,
    3180.0,
    4752.0,
    4068.0,
    3180.0,
    4236.0,
    3180.0,
    3960.0,
    3972.0,
    864.0,
    4368.0,
    756.0,
    3852.0,
    4392.0,
    4044.0,
    4644.0,
    3888.0,
    6408.0,
    3924.0,
    3912.0,
    3792.0,
    4572.0,
    5808.0,
    3024.0,
    3840.0,
    7008.0,
    2880.0,
    4260.0,
    5460.0,
    7020.0,
    3828.0,
    3912.0,
    3012.0,
    3444.0,
    2376.0,
    3875.0,
    876.0,
    3840.0,
    3888.0,
    3864.0,
    4584.0,
    3792.0,
    4032.0,
    3960.0,
    4512.0,
    3828.0,
    4044.0,
    4044.0,
    3984.0,
    2412.0,
    2868.0,
    3816.0,
    4032.0,
    3972.0,
    3816.0,
    3888.0,
    3972.0
  ],
  [
    828.0,
    876.0,
    3012.0,
    0.0,
    864.0,
    288.0,
    1872.0,
    2148.0,
    1524.0,
    2256.0,
    924.0,
    3576.0,
    192.0,
    2148.0,
    983.0,
    840.0,
    1860.0,
    924.0,
    1860.0,
    1140.0,
    840.0,
    1380.0,
    983.0,
    1524.0,
    2808.0,
    1032.0,
    2808.0,
    864.0,
    2148.0,
    2820.0,
    2027.0,
    1056.0,
    2772.0,
    1824.0,
    1896.0,
    972.0,
    948.0,
    1032.0,
    888.0,
    3084.0,
    1464.0,
    5904.0,
    3096.0,
    1704.0,
    1044.0,
    816.0,
    948.0,
    2808.0,
    84.0,
    1620.0,
    912.0,
    828.0,
    252.0,
    1500.0,
    1560.0,
    1572.0,
    876.0,
    1704.0,
    1452.0,
    1644.0,
    864.0,
    2808.0,
    2784.0,
    192.0,
    1032.0,
    1224.0,
    1908.0,
    1608.0,
    3432.0,
    1608.0,
    983.0,
    924.0,
    936.0,
    983.0,
    948.0,
    852.0,
    4692.0,
    996.0,
    1836.0,
    3995.0,
    828.0,
    2820.0,
    900.0,
    1632.0,
    792.0,
    7128.0,
    1944.0,
    912.0,
    2820.0,
    804.0,
    2796.0,
    4680.0,
    936.0,
    156.0,
    1044.0,
    1056.0,
    12.0,
    1584.0,
    228.0,
    1740.0,
    1068.0,
    228.0,
    1224.0,
    228.0,
    960.0,
    983.0,
    3084.0,
    1440.0,
    3048.0,
    864.0,
    1452.0,
    1044.0,
    1632.0,
    900.0,
    4512.0,
    936.0,
    924.0,
    780.0,
    1608.0,
    2796.0,
    12.0,
    852.0,
    3995.0,
    312.0,
    1248.0,
    2532.0,
    4008.0,
    840.0,
    924.0,
    0.0,
    1272.0,
    3492.0,
    888.0,
    3060.0,
    1668.0,
    900.0,
    888.0,
    1608.0,
    804.0,
    1032.0,
    972.0,
    1536.0,
    840.0,
    1044.0,
    1044.0,
    996.0,
    3600.0,
    312.0,
    840.0,
    1032.0,
    983.0,
    840.0,
    876.0,
    983.0
  ],
  [
    384.0,
    0.0,
    3696.0,
    864.0,
    0.0,
    864.0,
    1056.0,
    1992.0,
    1224.0,
    1404.0,
    408.0,
    4440.0,
    912.0,
    1992.0,
    480.0,
    372.0,
    1044.0,
    420.0,
    1044.0,
    312.0,
    372.0,
    744.0,
    456.0,
    1224.0,
    2292.0,
    540.0,
    2292.0,
    384.0,
    1296.0,
    2304.0,
    1980.0,
    564.0,
    2256.0,
    960.0,
    1176.0,
    468.0,
    408.0,
    564.0,
    408.0,
    3875.0,
    696.0,
    5940.0,
    3888.0,
    1488.0,
    564.0,
    324.0,
    420.0,
    2292.0,
    792.0,
    1296.0,
    420.0,
    360.0,
    983.0,
    983.0,
    900.0,
    996.0,
    396.0,
    1476.0,
    1176.0,
    792.0,
    396.0,
    2292.0,
    2268.0,
    876.0,
    540.0,
    888.0,
    1812.0,
    924.0,
    4308.0,
    1272.0,
    456.0,
    396.0,
    408.0,
    480.0,
    408.0,
    228.0,
    4464.0,
    540.0,
    972.0,
    3372.0,
    360.0,
    2304.0,
    420.0,
    1152.0,
    1212.0,
    6444.0,
    1308.0,
    420.0,
    2292.0,
    348.0,
    2280.0,
    4440.0,
    432.0,
    912.0,
    528.0,
    528.0,
    864.0,
    996.0,
    900.0,
    1332.0,
    552.0,
    888.0,
    888.0,
    888.0,
    456.0,
    456.0,
    3875.0,
    672.0,
    3828.0,
    396.0,
    720.0,
    552.0,
    1200.0,
    420.0,
    4848.0,
    420.0,
    396.0,
    480.0,
    912.0,
    2280.0,
    864.0,
    396.0,
    3360.0,
    840.0,
    924.0,
    1764.0,
    3372.0,
    372.0,
    396.0,
    864.0,
    792.0,
    4368.0,
    408.0,
    3864.0,
    1008.0,
    408.0,
    396.0,
    936.0,
    372.0,
    528.0,
    468.0,
    852.0,
    360.0,
    528.0,
    552.0,
    468.0,
    4464.0,
    852.0,
    360.0,
    564.0,
    456.0,
    360.0,
    684.0,
    480.0
  ],
  [
    948.0,
    864.0,
    2868.0,
    288.0,
    864.0,
    0.0,
    1920.0,
    2400.0,
    1740.0,
    2268.0,
    1044.0,
    3624.0,
    132.0,
    2400.0,
    1116.0,
    960.0,
    1908.0,
    1044.0,
    1908.0,
    1176.0,
    960.0,
    1500.0,
    1104.0,
    1740.0,
    2988.0,
    1164.0,
    2988.0,
    983.0,
    2160.0,
    3000.0,
    1752.0,
    1188.0,
    2952.0,
    1812.0,
    1992.0,
    1092.0,
    1056.0,
    1176.0,
    1008.0,
    3012.0,
    1536.0,
    6180.0,
    3024.0,
    1944.0,
    1188.0,
    924.0,
    1056.0,
    2988.0,
    324.0,
    1824.0,
    1044.0,
    948.0,
    540.0,
    1668.0,
    1680.0,
    1380.0,
    996.0,
    1932.0,
    1668.0,
    1656.0,
    983.0,
    2988.0,
    2964.0,
    96.0,
    1164.0,
    1416.0,
    2160.0,
    1716.0,
    3492.0,
    1812.0,
    1104.0,
    1044.0,
    1044.0,
    1116.0,
    1068.0,
    924.0,
    4944.0,
    1140.0,
    1824.0,
    4152.0,
    948.0,
    3000.0,
    1032.0,
    1800.0,
    1080.0,
    7260.0,
    2076.0,
    1044.0,
    3000.0,
    912.0,
    2976.0,
    4920.0,
    1056.0,
    144.0,
    1176.0,
    1176.0,
    288.0,
    1404.0,
    516.0,
    1932.0,
    1200.0,
    516.0,
    1416.0,
    516.0,
    1092.0,
    1104.0,
    3012.0,
    1512.0,
    2964.0,
    983.0,
    1536.0,
    1176.0,
    1812.0,
    1032.0,
    4800.0,
    1056.0,
    1044.0,
    936.0,
    1704.0,
    2964.0,
    288.0,
    972.0,
    4140.0,
    36.0,
    1440.0,
    2616.0,
    4152.0,
    960.0,
    1044.0,
    288.0,
    1080.0,
    3552.0,
    1008.0,
    2988.0,
    1500.0,
    1020.0,
    1008.0,
    1716.0,
    924.0,
    1164.0,
    1092.0,
    1644.0,
    960.0,
    1176.0,
    1188.0,
    1116.0,
    3648.0,
    36.0,
    948.0,
    1176.0,
    1104.0,
    948.0,
    1068.0,
    1116.0
  ],
  [
    1068.0,
    1056.0,
    4752.0,
    1872.0,
    1056.0,
    1920.0,
    0.0,
    1812.0,
    1164.0,
    456.0,
    983.0,
    5412.0,
    1956.0,
    1812.0,
    948.0,
    1056.0,
    12.0,
    983.0,
    24.0,
    744.0,
    1056.0,
    624.0,
    936.0,
    1152.0,
    1548.0,
    936.0,
    1548.0,
    1044.0,
    372.0,
    1548.0,
    2748.0,
    924.0,
    1512.0,
    372.0,
    360.0,
    960.0,
    960.0,
    936.0,
    1020.0,
    4932.0,
    420.0,
    5676.0,
    4944.0,
    1392.0,
    936.0,
    1068.0,
    960.0,
    1536.0,
    1788.0,
    1176.0,
    996.0,
    1068.0,
    1908.0,
    780.0,
    516.0,
    1476.0,
    1032.0,
    1380.0,
    1176.0,
    336.0,
    1032.0,
    1548.0,
    1512.0,
    1920.0,
    924.0,
    1056.0,
    1764.0,
    456.0,
    5268.0,
    1128.0,
    936.0,
    972.0,
    972.0,
    948.0,
    960.0,
    1020.0,
    3912.0,
    983.0,
    360.0,
    2412.0,
    1056.0,
    1548.0,
    1008.0,
    864.0,
    1896.0,
    5424.0,
    624.0,
    996.0,
    1536.0,
    1080.0,
    1524.0,
    3900.0,
    983.0,
    1944.0,
    900.0,
    900.0,
    1860.0,
    1464.0,
    1824.0,
    1044.0,
    888.0,
    1812.0,
    1044.0,
    1812.0,
    960.0,
    936.0,
    4932.0,
    444.0,
    4884.0,
    1032.0,
    456.0,
    924.0,
    960.0,
    1008.0,
    4980.0,
    972.0,
    972.0,
    1152.0,
    456.0,
    1524.0,
    1860.0,
    1056.0,
    2412.0,
    1896.0,
    1068.0,
    732.0,
    2424.0,
    1056.0,
    972.0,
    1872.0,
    1500.0,
    5340.0,
    1020.0,
    4908.0,
    1368.0,
    1008.0,
    1020.0,
    480.0,
    1080.0,
    924.0,
    960.0,
    480.0,
    1044.0,
    900.0,
    924.0,
    924.0,
    5436.0,
    1908.0,
    1056.0,
    948.0,
    936.0,
    1056.0,
    1212.0,
    948.0
  ],
  [
    1632.0,
    1992.0,
    5040.0,
    2148.0,
    1992.0,
    2400.0,
    1812.0,
    0.0,
    780.0,
    2184.0,
    1584.0,
    4860.0,
    2328.0,
    0.0,
    1512.0,
    1644.0,
    1824.0,
    1572.0,
    1824.0,
    1848.0,
    1632.0,
    1392.0,
    1536.0,
    780.0,
    1164.0,
    1452.0,
    1152.0,
    1608.0,
    2160.0,
    1176.0,
    3960.0,
    1428.0,
    1140.0,
    2136.0,
    1476.0,
    1524.0,
    1584.0,
    1428.0,
    1584.0,
    4908.0,
    1632.0,
    3960.0,
    4908.0,
    516.0,
    1428.0,
    1680.0,
    1572.0,
    1152.0,
    2076.0,
    720.0,
    1572.0,
    1644.0,
    1967.0,
    1116.0,
    1368.0,
    2928.0,
    1608.0,
    516.0,
    816.0,
    1967.0,
    1608.0,
    1164.0,
    1152.0,
    2316.0,
    1452.0,
    1104.0,
    264.0,
    1404.0,
    4692.0,
    756.0,
    1536.0,
    1596.0,
    1584.0,
    1512.0,
    1584.0,
    1764.0,
    2556.0,
    1452.0,
    2124.0,
    2364.0,
    1644.0,
    1176.0,
    1572.0,
    972.0,
    1476.0,
    5424.0,
    1224.0,
    1572.0,
    1176.0,
    1680.0,
    1152.0,
    2532.0,
    1560.0,
    2304.0,
    1464.0,
    1464.0,
    2136.0,
    2928.0,
    1932.0,
    780.0,
    1452.0,
    1932.0,
    1104.0,
    1932.0,
    1524.0,
    1536.0,
    4896.0,
    1644.0,
    4896.0,
    1596.0,
    1560.0,
    1440.0,
    888.0,
    1584.0,
    3180.0,
    1572.0,
    1596.0,
    1572.0,
    1416.0,
    1140.0,
    2136.0,
    1608.0,
    2352.0,
    2400.0,
    1068.0,
    1836.0,
    2364.0,
    1632.0,
    1596.0,
    2148.0,
    2784.0,
    4764.0,
    1584.0,
    4884.0,
    2892.0,
    1584.0,
    1596.0,
    1380.0,
    1656.0,
    1464.0,
    1524.0,
    1428.0,
    1644.0,
    1464.0,
    1440.0,
    1524.0,
    4872.0,
    2412.0,
    1644.0,
    1428.0,
    1536.0,
    1644.0,
    1368.0,
    1512.0
  ],
  [
    876.0,
    1224.0,
    4524.0,
    1524.0,
    1224.0,
    1740.0,
    1164.0,
    780.0,
    0.0,
    1596.0,
    816.0,
    4680.0,
    1692.0,
    780.0,
    744.0,
    888.0,
    1164.0,
    816.0,
    1164.0,
    1080.0,
    876.0,
    648.0,
    768.0,
    12.0,
    1320.0,
    684.0,
    1308.0,
    852.0,
    1536.0,
    1332.0,
    3204.0,
    660.0,
    1272.0,
    1428.0,
    888.0,
    768.0,
    816.0,
    660.0,
    828.0,
    4500.0,
    900.0,
    4740.0,
    4512.0,
    264.0,
    660.0,
    924.0,
    816.0,
    1308.0,
    1452.0,
    84.0,
    816.0,
    900.0,
    1404.0,
    384.0,
    660.0,
    2160.0,
    852.0,
    264.0,
    72.0,
    1248.0,
    852.0,
    1320.0,
    1284.0,
    1680.0,
    684.0,
    336.0,
    636.0,
    708.0,
    4524.0,
    84.0,
    768.0,
    828.0,
    828.0,
    744.0,
    816.0,
    1008.0,
    3252.0,
    684.0,
    1428.0,
    2544.0,
    888.0,
    1320.0,
    816.0,
    312.0,
    1068.0,
    5688.0,
    708.0,
    816.0,
    1320.0,
    924.0,
    1296.0,
    3240.0,
    804.0,
    1668.0,
    696.0,
    696.0,
    1524.0,
    2160.0,
    1344.0,
    264.0,
    684.0,
    1344.0,
    348.0,
    1344.0,
    768.0,
    768.0,
    4500.0,
    900.0,
    4476.0,
    840.0,
    828.0,
    672.0,
    228.0,
    816.0,
    3840.0,
    804.0,
    828.0,
    840.0,
    720.0,
    1296.0,
    1524.0,
    852.0,
    2544.0,
    1740.0,
    312.0,
    1440.0,
    2556.0,
    876.0,
    828.0,
    1524.0,
    2016.0,
    4596.0,
    828.0,
    4476.0,
    2124.0,
    828.0,
    840.0,
    684.0,
    900.0,
    696.0,
    756.0,
    708.0,
    888.0,
    696.0,
    672.0,
    756.0,
    4704.0,
    1740.0,
    888.0,
    660.0,
    768.0,
    888.0,
    672.0,
    744.0
  ],
  [
    1488.0,
    1404.0,
    5040.0,
    2256.0,
    1404.0,
    2268.0,
    456.0,
    2184.0,
    1596.0,
    0.0,
    1404.0,
    5832.0,
    2328.0,
    2184.0,
    1392.0,
    1464.0,
    456.0,
    1416.0,
    456.0,
    1116.0,
    1476.0,
    1068.0,
    1368.0,
    1584.0,
    1704.0,
    1380.0,
    1716.0,
    1464.0,
    120.0,
    1704.0,
    2844.0,
    1368.0,
    1680.0,
    468.0,
    720.0,
    1392.0,
    1392.0,
    1380.0,
    1440.0,
    5280.0,
    852.0,
    5952.0,
    5292.0,
    1800.0,
    1380.0,
    1476.0,
    1392.0,
    1704.0,
    2184.0,
    1584.0,
    1416.0,
    1488.0,
    2316.0,
    1224.0,
    960.0,
    1560.0,
    1452.0,
    1800.0,
    1620.0,
    624.0,
    1464.0,
    1704.0,
    1680.0,
    2280.0,
    1368.0,
    1500.0,
    2172.0,
    900.0,
    5688.0,
    1548.0,
    1368.0,
    1392.0,
    1392.0,
    1380.0,
    1380.0,
    1416.0,
    4092.0,
    1428.0,
    456.0,
    2352.0,
    1476.0,
    1704.0,
    1428.0,
    1284.0,
    2340.0,
    5220.0,
    972.0,
    1416.0,
    1692.0,
    1500.0,
    1680.0,
    4080.0,
    1416.0,
    2316.0,
    1344.0,
    1344.0,
    2256.0,
    1536.0,
    2244.0,
    1440.0,
    1332.0,
    2232.0,
    1500.0,
    2232.0,
    1392.0,
    1368.0,
    5280.0,
    876.0,
    5220.0,
    1464.0,
    900.0,
    1368.0,
    1380.0,
    1428.0,
    5364.0,
    1404.0,
    1404.0,
    1584.0,
    900.0,
    1692.0,
    2256.0,
    1476.0,
    2352.0,
    2244.0,
    1512.0,
    660.0,
    2352.0,
    1476.0,
    1404.0,
    2256.0,
    1668.0,
    5748.0,
    1440.0,
    5256.0,
    1416.0,
    1428.0,
    1440.0,
    924.0,
    1500.0,
    1368.0,
    1392.0,
    924.0,
    1464.0,
    1344.0,
    1368.0,
    1356.0,
    5856.0,
    2256.0,
    1476.0,
    1380.0,
    1368.0,
    1476.0,
    1656.0,
    1392.0
  ],
  [
    96.0,
    408.0,
    3912.0,
    924.0,
    408.0,
    1044.0,
    983.0,
    1584.0,
    816.0,
    1404.0,
    0.0,
    4440.0,
    1044.0,
    1584.0,
    84.0,
    84.0,
    972.0,
    12.0,
    972.0,
    384.0,
    84.0,
    456.0,
    60.0,
    816.0,
    1967.0,
    144.0,
    1967.0,
    60.0,
    1296.0,
    1980.0,
    2376.0,
    168.0,
    1932.0,
    1020.0,
    972.0,
    60.0,
    24.0,
    156.0,
    36.0,
    4008.0,
    564.0,
    5532.0,
    4020.0,
    1080.0,
    168.0,
    120.0,
    12.0,
    1967.0,
    840.0,
    900.0,
    24.0,
    96.0,
    936.0,
    636.0,
    636.0,
    1380.0,
    48.0,
    1080.0,
    768.0,
    816.0,
    60.0,
    1967.0,
    1932.0,
    1020.0,
    144.0,
    491.0,
    1404.0,
    684.0,
    4296.0,
    864.0,
    60.0,
    12.0,
    12.0,
    84.0,
    24.0,
    180.0,
    4068.0,
    144.0,
    1032.0,
    3108.0,
    96.0,
    1980.0,
    24.0,
    792.0,
    972.0,
    6216.0,
    1032.0,
    24.0,
    1967.0,
    132.0,
    1944.0,
    4055.0,
    24.0,
    1032.0,
    144.0,
    144.0,
    924.0,
    1380.0,
    852.0,
    960.0,
    168.0,
    840.0,
    480.0,
    840.0,
    60.0,
    60.0,
    4008.0,
    540.0,
    3972.0,
    60.0,
    540.0,
    156.0,
    828.0,
    24.0,
    4476.0,
    12.0,
    12.0,
    180.0,
    672.0,
    1944.0,
    912.0,
    84.0,
    3096.0,
    1032.0,
    516.0,
    1608.0,
    3108.0,
    84.0,
    12.0,
    924.0,
    1200.0,
    4356.0,
    36.0,
    3984.0,
    1380.0,
    24.0,
    48.0,
    684.0,
    120.0,
    132.0,
    60.0,
    612.0,
    84.0,
    144.0,
    156.0,
    84.0,
    4464.0,
    1044.0,
    96.0,
    156.0,
    60.0,
    96.0,
    324.0,
    84.0
  ],
  [
    4344.0,
    4452.0,
    2376.0,
    3576.0,
    4440.0,
    3624.0,
    5412.0,
    4860.0,
    4680.0,
    5832.0,
    4440.0,
    0.0,
    3540.0,
    4860.0,
    4476.0,
    4368.0,
    5412.0,
    4428.0,
    5400.0,
    4716.0,
    4368.0,
    4848.0,
    4488.0,
    4692.0,
    5928.0,
    4500.0,
    5928.0,
    4380.0,
    5712.0,
    5940.0,
    4512.0,
    4512.0,
    5892.0,
    5400.0,
    5364.0,
    4464.0,
    4452.0,
    4500.0,
    4404.0,
    1536.0,
    5004.0,
    7056.0,
    1500.0,
    4704.0,
    4512.0,
    4356.0,
    4452.0,
    5928.0,
    3648.0,
    4752.0,
    4428.0,
    4356.0,
    3504.0,
    4860.0,
    5016.0,
    4920.0,
    4392.0,
    4704.0,
    4620.0,
    5208.0,
    4380.0,
    5928.0,
    5904.0,
    3588.0,
    4500.0,
    4524.0,
    4620.0,
    5076.0,
    168.0,
    4776.0,
    4488.0,
    4440.0,
    4440.0,
    4476.0,
    4464.0,
    4404.0,
    6912.0,
    4452.0,
    5400.0,
    7176.0,
    4356.0,
    5940.0,
    4416.0,
    4932.0,
    3624.0,
    10284.0,
    5328.0,
    4428.0,
    5952.0,
    4332.0,
    5916.0,
    6888.0,
    4440.0,
    3552.0,
    4524.0,
    4524.0,
    3588.0,
    4944.0,
    3588.0,
    4944.0,
    4548.0,
    3600.0,
    4524.0,
    3600.0,
    4452.0,
    4476.0,
    1512.0,
    4980.0,
    1632.0,
    4380.0,
    4968.0,
    4512.0,
    4884.0,
    4416.0,
    4920.0,
    4440.0,
    4440.0,
    4260.0,
    5076.0,
    5904.0,
    3588.0,
    4356.0,
    7176.0,
    3660.0,
    4536.0,
    6012.0,
    7188.0,
    4368.0,
    4440.0,
    3576.0,
    4620.0,
    96.0,
    4404.0,
    1500.0,
    5064.0,
    4404.0,
    4392.0,
    5064.0,
    4332.0,
    4500.0,
    4464.0,
    5016.0,
    4368.0,
    4524.0,
    4512.0,
    4500.0,
    36.0,
    3648.0,
    4356.0,
    4500.0,
    4488.0,
    4368.0,
    4236.0,
    4476.0
  ],
  [
    948.0,
    924.0,
    2868.0,
    192.0,
    912.0,
    132.0,
    1956.0,
    2328.0,
    1692.0,
    2328.0,
    1044.0,
    3540.0,
    0.0,
    2328.0,
    1104.0,
    960.0,
    1944.0,
    1044.0,
    1944.0,
    1212.0,
    960.0,
    1500.0,
    1104.0,
    1704.0,
    2964.0,
    1164.0,
    2964.0,
    983.0,
    2208.0,
    2976.0,
    1860.0,
    1188.0,
    2928.0,
    1872.0,
    2016.0,
    1092.0,
    1068.0,
    1176.0,
    1020.0,
    2976.0,
    1560.0,
    6084.0,
    2988.0,
    1884.0,
    1188.0,
    936.0,
    1068.0,
    2964.0,
    252.0,
    1788.0,
    1044.0,
    948.0,
    420.0,
    1644.0,
    1680.0,
    1500.0,
    996.0,
    1884.0,
    1632.0,
    1704.0,
    983.0,
    2964.0,
    2940.0,
    48.0,
    1164.0,
    1380.0,
    2088.0,
    1728.0,
    3408.0,
    1776.0,
    1104.0,
    1044.0,
    1056.0,
    1116.0,
    1068.0,
    948.0,
    4884.0,
    1128.0,
    1884.0,
    4140.0,
    948.0,
    2976.0,
    1032.0,
    1788.0,
    972.0,
    7260.0,
    2076.0,
    1044.0,
    2976.0,
    912.0,
    2952.0,
    4860.0,
    1056.0,
    24.0,
    1176.0,
    1176.0,
    192.0,
    1512.0,
    420.0,
    1908.0,
    1200.0,
    420.0,
    1380.0,
    420.0,
    1092.0,
    1104.0,
    2976.0,
    1536.0,
    2928.0,
    983.0,
    1560.0,
    1176.0,
    1788.0,
    1032.0,
    4680.0,
    1056.0,
    1044.0,
    912.0,
    1716.0,
    2952.0,
    192.0,
    972.0,
    4140.0,
    156.0,
    1404.0,
    2640.0,
    4152.0,
    960.0,
    1044.0,
    192.0,
    1188.0,
    3468.0,
    1008.0,
    2952.0,
    1608.0,
    1020.0,
    1008.0,
    1728.0,
    924.0,
    1164.0,
    1092.0,
    1656.0,
    960.0,
    1176.0,
    1176.0,
    1128.0,
    3564.0,
    156.0,
    948.0,
    1164.0,
    1104.0,
    960.0,
    1032.0,
    1104.0
  ],
  [
    1632.0,
    1992.0,
    5040.0,
    2148.0,
    1992.0,
    2400.0,
    1812.0,
    0.0,
    780.0,
    2184.0,
    1584.0,
    4860.0,
    2328.0,
    0.0,
    1512.0,
    1644.0,
    1824.0,
    1584.0,
    1824.0,
    1848.0,
    1632.0,
    1404.0,
    1536.0,
    780.0,
    1164.0,
    1452.0,
    1152.0,
    1608.0,
    2160.0,
    1176.0,
    3960.0,
    1428.0,
    1140.0,
    2136.0,
    1476.0,
    1524.0,
    1584.0,
    1428.0,
    1584.0,
    4908.0,
    1632.0,
    3960.0,
    4908.0,
    516.0,
    1428.0,
    1680.0,
    1572.0,
    1152.0,
    2076.0,
    720.0,
    1572.0,
    1644.0,
    1967.0,
    1116.0,
    1368.0,
    2928.0,
    1608.0,
    516.0,
    816.0,
    1967.0,
    1608.0,
    1164.0,
    1152.0,
    2316.0,
    1452.0,
    1104.0,
    264.0,
    1404.0,
    4692.0,
    756.0,
    1536.0,
    1596.0,
    1584.0,
    1512.0,
    1584.0,
    1776.0,
    2544.0,
    1452.0,
    2124.0,
    2364.0,
    1644.0,
    1176.0,
    1584.0,
    972.0,
    1476.0,
    5424.0,
    1224.0,
    1572.0,
    1176.0,
    1680.0,
    1152.0,
    2532.0,
    1560.0,
    2304.0,
    1476.0,
    1464.0,
    2148.0,
    2928.0,
    1932.0,
    780.0,
    1452.0,
    1932.0,
    1104.0,
    1932.0,
    1536.0,
    1536.0,
    4896.0,
    1644.0,
    4896.0,
    1596.0,
    1560.0,
    1440.0,
    888.0,
    1584.0,
    3180.0,
    1572.0,
    1596.0,
    1572.0,
    1416.0,
    1140.0,
    2136.0,
    1608.0,
    2352.0,
    2400.0,
    1068.0,
    1836.0,
    2376.0,
    1632.0,
    1596.0,
    2148.0,
    2784.0,
    4764.0,
    1596.0,
    4884.0,
    2892.0,
    1584.0,
    1596.0,
    1380.0,
    1656.0,
    1464.0,
    1524.0,
    1428.0,
    1644.0,
    1476.0,
    1440.0,
    1524.0,
    4872.0,
    2412.0,
    1644.0,
    1428.0,
    1536.0,
    1644.0,
    1368.0,
    1512.0
  ],
  [
    168.0,
    480.0,
    3972.0,
    983.0,
    480.0,
    1116.0,
    948.0,
    1512.0,
    744.0,
    1392.0,
    84.0,
    4476.0,
    1104.0,
    1512.0,
    0.0,
    156.0,
    948.0,
    72.0,
    948.0,
    420.0,
    156.0,
    396.0,
    36.0,
    744.0,
    1896.0,
    60.0,
    1896.0,
    132.0,
    1284.0,
    1908.0,
    2460.0,
    84.0,
    1848.0,
    1032.0,
    924.0,
    24.0,
    72.0,
    84.0,
    96.0,
    4068.0,
    540.0,
    5460.0,
    4068.0,
    996.0,
    96.0,
    204.0,
    72.0,
    1884.0,
    900.0,
    816.0,
    72.0,
    168.0,
    972.0,
    564.0,
    576.0,
    1452.0,
    120.0,
    996.0,
    696.0,
    816.0,
    132.0,
    1896.0,
    1860.0,
    1080.0,
    60.0,
    408.0,
    1332.0,
    624.0,
    4320.0,
    792.0,
    36.0,
    84.0,
    84.0,
    0.0,
    72.0,
    264.0,
    3995.0,
    72.0,
    1032.0,
    3036.0,
    168.0,
    1896.0,
    84.0,
    708.0,
    960.0,
    6156.0,
    960.0,
    72.0,
    1896.0,
    204.0,
    1872.0,
    3972.0,
    60.0,
    1092.0,
    72.0,
    72.0,
    972.0,
    1452.0,
    888.0,
    876.0,
    96.0,
    888.0,
    408.0,
    888.0,
    24.0,
    36.0,
    4055.0,
    516.0,
    4020.0,
    120.0,
    504.0,
    72.0,
    744.0,
    84.0,
    4428.0,
    60.0,
    84.0,
    204.0,
    624.0,
    1872.0,
    972.0,
    144.0,
    3024.0,
    1104.0,
    432.0,
    1560.0,
    3036.0,
    156.0,
    84.0,
    983.0,
    1272.0,
    4392.0,
    96.0,
    4044.0,
    1440.0,
    96.0,
    108.0,
    624.0,
    192.0,
    60.0,
    12.0,
    564.0,
    168.0,
    72.0,
    84.0,
    36.0,
    4488.0,
    1116.0,
    168.0,
    84.0,
    36.0,
    168.0,
    300.0,
    0.0
  ],
  [
    24.0,
    372.0,
    3828.0,
    840.0,
    372.0,
    960.0,
    1056.0,
    1644.0,
    888.0,
    1464.0,
    84.0,
    4368.0,
    960.0,
    1644.0,
    156.0,
    0.0,
    1044.0,
    84.0,
    1044.0,
    408.0,
    0.0,
    540.0,
    144.0,
    888.0,
    2052.0,
    216.0,
    2052.0,
    24.0,
    1368.0,
    2064.0,
    2316.0,
    240.0,
    2004.0,
    1080.0,
    1056.0,
    132.0,
    96.0,
    240.0,
    60.0,
    3924.0,
    636.0,
    5580.0,
    3935.0,
    1128.0,
    240.0,
    48.0,
    96.0,
    2040.0,
    756.0,
    960.0,
    84.0,
    12.0,
    852.0,
    720.0,
    720.0,
    1356.0,
    36.0,
    1128.0,
    828.0,
    876.0,
    24.0,
    2052.0,
    2016.0,
    924.0,
    216.0,
    540.0,
    1452.0,
    768.0,
    4224.0,
    936.0,
    144.0,
    84.0,
    84.0,
    156.0,
    108.0,
    144.0,
    4140.0,
    204.0,
    1080.0,
    3192.0,
    12.0,
    2064.0,
    72.0,
    876.0,
    936.0,
    6300.0,
    1116.0,
    84.0,
    2052.0,
    48.0,
    2027.0,
    4116.0,
    96.0,
    948.0,
    228.0,
    228.0,
    840.0,
    1356.0,
    780.0,
    1032.0,
    252.0,
    768.0,
    540.0,
    768.0,
    132.0,
    144.0,
    3924.0,
    612.0,
    3888.0,
    36.0,
    612.0,
    228.0,
    900.0,
    72.0,
    4488.0,
    96.0,
    84.0,
    132.0,
    756.0,
    2027.0,
    840.0,
    36.0,
    3180.0,
    948.0,
    576.0,
    1692.0,
    3192.0,
    12.0,
    84.0,
    840.0,
    1164.0,
    4284.0,
    60.0,
    3900.0,
    1356.0,
    60.0,
    48.0,
    768.0,
    36.0,
    216.0,
    144.0,
    696.0,
    12.0,
    228.0,
    240.0,
    168.0,
    4392.0,
    960.0,
    12.0,
    228.0,
    144.0,
    12.0,
    324.0,
    156.0
  ],
  [
    1056.0,
    1044.0,
    4740.0,
    1860.0,
    1044.0,
    1908.0,
    12.0,
    1824.0,
    1164.0,
    456.0,
    972.0,
    5412.0,
    1944.0,
    1824.0,
    948.0,
    1044.0,
    0.0,
    983.0,
    12.0,
    732.0,
    1044.0,
    612.0,
    924.0,
    1164.0,
    1548.0,
    924.0,
    1560.0,
    1032.0,
    372.0,
    1560.0,
    2736.0,
    912.0,
    1524.0,
    360.0,
    372.0,
    960.0,
    960.0,
    936.0,
    1008.0,
    4920.0,
    408.0,
    5676.0,
    4932.0,
    1392.0,
    924.0,
    1056.0,
    960.0,
    1548.0,
    1776.0,
    1176.0,
    983.0,
    1056.0,
    1896.0,
    780.0,
    516.0,
    1464.0,
    1020.0,
    1392.0,
    1188.0,
    324.0,
    1032.0,
    1548.0,
    1524.0,
    1908.0,
    924.0,
    1056.0,
    1776.0,
    456.0,
    5268.0,
    1128.0,
    924.0,
    972.0,
    960.0,
    948.0,
    948.0,
    1020.0,
    3924.0,
    972.0,
    348.0,
    2424.0,
    1056.0,
    1560.0,
    996.0,
    864.0,
    1884.0,
    5436.0,
    636.0,
    983.0,
    1548.0,
    1080.0,
    1536.0,
    3912.0,
    972.0,
    1932.0,
    900.0,
    900.0,
    1860.0,
    1452.0,
    1824.0,
    1044.0,
    888.0,
    1812.0,
    1044.0,
    1812.0,
    960.0,
    936.0,
    4920.0,
    432.0,
    4872.0,
    1032.0,
    456.0,
    924.0,
    972.0,
    996.0,
    4980.0,
    972.0,
    972.0,
    1152.0,
    456.0,
    1536.0,
    1860.0,
    1056.0,
    2424.0,
    1884.0,
    1068.0,
    744.0,
    2436.0,
    1044.0,
    972.0,
    1860.0,
    1488.0,
    5328.0,
    1008.0,
    4908.0,
    1356.0,
    996.0,
    1020.0,
    480.0,
    1080.0,
    924.0,
    948.0,
    480.0,
    1044.0,
    900.0,
    924.0,
    924.0,
    5436.0,
    1896.0,
    1056.0,
    936.0,
    924.0,
    1044.0,
    1212.0,
    948.0
  ],
  [
    96.0,
    420.0,
    3912.0,
    924.0,
    420.0,
    1044.0,
    983.0,
    1572.0,
    816.0,
    1416.0,
    12.0,
    4428.0,
    1044.0,
    1584.0,
    72.0,
    84.0,
    983.0,
    0.0,
    972.0,
    384.0,
    84.0,
    456.0,
    60.0,
    816.0,
    1967.0,
    132.0,
    1967.0,
    60.0,
    1308.0,
    1980.0,
    2388.0,
    156.0,
    1932.0,
    1032.0,
    972.0,
    60.0,
    24.0,
    156.0,
    36.0,
    4008.0,
    564.0,
    5532.0,
    4008.0,
    1068.0,
    168.0,
    120.0,
    24.0,
    1967.0,
    840.0,
    888.0,
    12.0,
    96.0,
    924.0,
    636.0,
    636.0,
    1392.0,
    48.0,
    1068.0,
    768.0,
    828.0,
    60.0,
    1967.0,
    1932.0,
    1008.0,
    132.0,
    480.0,
    1404.0,
    684.0,
    4284.0,
    864.0,
    60.0,
    24.0,
    12.0,
    72.0,
    24.0,
    192.0,
    4068.0,
    132.0,
    1044.0,
    3108.0,
    96.0,
    1980.0,
    24.0,
    792.0,
    960.0,
    6216.0,
    1032.0,
    12.0,
    1967.0,
    132.0,
    1944.0,
    4044.0,
    12.0,
    1020.0,
    144.0,
    144.0,
    912.0,
    1392.0,
    840.0,
    948.0,
    168.0,
    840.0,
    468.0,
    840.0,
    48.0,
    60.0,
    3995.0,
    540.0,
    3960.0,
    60.0,
    540.0,
    156.0,
    816.0,
    24.0,
    4464.0,
    12.0,
    24.0,
    168.0,
    684.0,
    1944.0,
    912.0,
    72.0,
    3096.0,
    1032.0,
    504.0,
    1620.0,
    3108.0,
    84.0,
    24.0,
    924.0,
    1212.0,
    4344.0,
    36.0,
    3984.0,
    1392.0,
    24.0,
    36.0,
    684.0,
    120.0,
    132.0,
    60.0,
    612.0,
    84.0,
    144.0,
    156.0,
    84.0,
    4452.0,
    1044.0,
    96.0,
    156.0,
    60.0,
    96.0,
    312.0,
    72.0
  ],
  [
    1056.0,
    1032.0,
    4728.0,
    1860.0,
    1044.0,
    1908.0,
    24.0,
    1824.0,
    1164.0,
    456.0,
    972.0,
    5400.0,
    1944.0,
    1824.0,
    948.0,
    1044.0,
    12.0,
    972.0,
    0.0,
    732.0,
    1044.0,
    612.0,
    924.0,
    1164.0,
    1560.0,
    924.0,
    1572.0,
    1032.0,
    372.0,
    1572.0,
    2724.0,
    912.0,
    1524.0,
    348.0,
    372.0,
    948.0,
    948.0,
    936.0,
    1008.0,
    4908.0,
    408.0,
    5688.0,
    4920.0,
    1392.0,
    924.0,
    1056.0,
    960.0,
    1560.0,
    1776.0,
    1176.0,
    983.0,
    1056.0,
    1896.0,
    792.0,
    516.0,
    1452.0,
    1020.0,
    1392.0,
    1188.0,
    312.0,
    1020.0,
    1560.0,
    1536.0,
    1908.0,
    924.0,
    1056.0,
    1776.0,
    456.0,
    5256.0,
    1128.0,
    924.0,
    960.0,
    960.0,
    936.0,
    948.0,
    1008.0,
    3924.0,
    972.0,
    336.0,
    2436.0,
    1044.0,
    1572.0,
    996.0,
    876.0,
    1884.0,
    5436.0,
    648.0,
    983.0,
    1560.0,
    1068.0,
    1548.0,
    3912.0,
    972.0,
    1932.0,
    888.0,
    888.0,
    1848.0,
    1440.0,
    1812.0,
    1056.0,
    888.0,
    1800.0,
    1044.0,
    1800.0,
    948.0,
    924.0,
    4908.0,
    432.0,
    4860.0,
    1032.0,
    444.0,
    924.0,
    972.0,
    996.0,
    4980.0,
    960.0,
    960.0,
    1140.0,
    456.0,
    1548.0,
    1848.0,
    1044.0,
    2436.0,
    1884.0,
    1068.0,
    744.0,
    2436.0,
    1044.0,
    960.0,
    1860.0,
    1476.0,
    5328.0,
    1008.0,
    4896.0,
    1344.0,
    996.0,
    1008.0,
    480.0,
    1068.0,
    924.0,
    948.0,
    480.0,
    1032.0,
    888.0,
    912.0,
    912.0,
    5424.0,
    1884.0,
    1044.0,
    936.0,
    924.0,
    1044.0,
    1212.0,
    948.0
  ],
  [
    420.0,
    312.0,
    4008.0,
    1140.0,
    312.0,
    1176.0,
    744.0,
    1848.0,
    1080.0,
    1116.0,
    384.0,
    4716.0,
    1212.0,
    1848.0,
    420.0,
    408.0,
    732.0,
    384.0,
    732.0,
    0.0,
    408.0,
    491.0,
    384.0,
    1068.0,
    2027.0,
    444.0,
    2027.0,
    408.0,
    1008.0,
    2027.0,
    2208.0,
    456.0,
    1992.0,
    684.0,
    876.0,
    408.0,
    372.0,
    468.0,
    408.0,
    4188.0,
    396.0,
    5808.0,
    4188.0,
    1344.0,
    468.0,
    396.0,
    372.0,
    2016.0,
    1068.0,
    1140.0,
    396.0,
    420.0,
    1212.0,
    768.0,
    624.0,
    1080.0,
    408.0,
    1344.0,
    1044.0,
    504.0,
    408.0,
    2027.0,
    1992.0,
    1176.0,
    444.0,
    780.0,
    1704.0,
    636.0,
    4572.0,
    1092.0,
    384.0,
    372.0,
    372.0,
    408.0,
    372.0,
    312.0,
    4248.0,
    480.0,
    696.0,
    3072.0,
    408.0,
    2027.0,
    408.0,
    936.0,
    1344.0,
    6132.0,
    1032.0,
    396.0,
    2027.0,
    420.0,
    2004.0,
    4236.0,
    396.0,
    1200.0,
    420.0,
    420.0,
    1140.0,
    1080.0,
    1128.0,
    1128.0,
    432.0,
    1128.0,
    768.0,
    1128.0,
    408.0,
    384.0,
    4176.0,
    360.0,
    4140.0,
    420.0,
    420.0,
    456.0,
    996.0,
    408.0,
    4836.0,
    384.0,
    372.0,
    540.0,
    636.0,
    2004.0,
    1128.0,
    432.0,
    3060.0,
    1152.0,
    804.0,
    1452.0,
    3072.0,
    408.0,
    372.0,
    1140.0,
    960.0,
    4632.0,
    408.0,
    4164.0,
    1044.0,
    396.0,
    408.0,
    648.0,
    432.0,
    444.0,
    408.0,
    576.0,
    396.0,
    420.0,
    456.0,
    384.0,
    4740.0,
    1164.0,
    408.0,
    468.0,
    384.0,
    408.0,
    708.0,
    420.0
  ],
  [
    12.0,
    372.0,
    3828.0,
    840.0,
    372.0,
    960.0,
    1056.0,
    1632.0,
    876.0,
    1476.0,
    84.0,
    4368.0,
    960.0,
    1632.0,
    156.0,
    0.0,
    1044.0,
    84.0,
    1044.0,
    408.0,
    0.0,
    540.0,
    144.0,
    876.0,
    2052.0,
    216.0,
    2052.0,
    24.0,
    1368.0,
    2064.0,
    2328.0,
    240.0,
    2004.0,
    1080.0,
    1056.0,
    132.0,
    96.0,
    228.0,
    60.0,
    3924.0,
    636.0,
    5580.0,
    3935.0,
    1128.0,
    240.0,
    48.0,
    96.0,
    2040.0,
    756.0,
    960.0,
    84.0,
    12.0,
    852.0,
    720.0,
    720.0,
    1356.0,
    36.0,
    1128.0,
    828.0,
    876.0,
    24.0,
    2052.0,
    2016.0,
    936.0,
    216.0,
    540.0,
    1452.0,
    768.0,
    4224.0,
    936.0,
    144.0,
    84.0,
    84.0,
    156.0,
    108.0,
    144.0,
    4128.0,
    204.0,
    1080.0,
    3192.0,
    12.0,
    2052.0,
    72.0,
    864.0,
    936.0,
    6300.0,
    1116.0,
    84.0,
    2052.0,
    48.0,
    2027.0,
    4116.0,
    96.0,
    948.0,
    228.0,
    228.0,
    840.0,
    1368.0,
    780.0,
    1032.0,
    240.0,
    768.0,
    540.0,
    768.0,
    132.0,
    144.0,
    3924.0,
    612.0,
    3888.0,
    36.0,
    612.0,
    228.0,
    900.0,
    72.0,
    4488.0,
    96.0,
    84.0,
    132.0,
    756.0,
    2027.0,
    828.0,
    36.0,
    3180.0,
    948.0,
    564.0,
    1692.0,
    3192.0,
    0.0,
    84.0,
    840.0,
    1164.0,
    4284.0,
    60.0,
    3900.0,
    1368.0,
    60.0,
    48.0,
    768.0,
    36.0,
    216.0,
    144.0,
    696.0,
    12.0,
    228.0,
    240.0,
    168.0,
    4392.0,
    960.0,
    12.0,
    228.0,
    144.0,
    12.0,
    324.0,
    156.0
  ],
  [
    552.0,
    744.0,
    4368.0,
    1380.0,
    744.0,
    1500.0,
    624.0,
    1392.0,
    648.0,
    1068.0,
    456.0,
    4848.0,
    1500.0,
    1404.0,
    396.0,
    540.0,
    612.0,
    456.0,
    612.0,
    491.0,
    540.0,
    0.0,
    396.0,
    636.0,
    1548.0,
    360.0,
    1548.0,
    516.0,
    983.0,
    1560.0,
    2700.0,
    336.0,
    1512.0,
    804.0,
    516.0,
    420.0,
    444.0,
    360.0,
    491.0,
    4464.0,
    264.0,
    5352.0,
    4476.0,
    900.0,
    348.0,
    576.0,
    444.0,
    1548.0,
    1296.0,
    684.0,
    468.0,
    552.0,
    1368.0,
    288.0,
    180.0,
    1560.0,
    504.0,
    900.0,
    636.0,
    612.0,
    516.0,
    1548.0,
    1524.0,
    1476.0,
    348.0,
    444.0,
    1284.0,
    228.0,
    4704.0,
    648.0,
    396.0,
    456.0,
    456.0,
    396.0,
    432.0,
    588.0,
    3756.0,
    408.0,
    804.0,
    2652.0,
    552.0,
    1560.0,
    480.0,
    444.0,
    1284.0,
    5760.0,
    576.0,
    468.0,
    1560.0,
    588.0,
    1536.0,
    3744.0,
    444.0,
    1488.0,
    336.0,
    336.0,
    1380.0,
    1548.0,
    1284.0,
    648.0,
    312.0,
    1284.0,
    444.0,
    1284.0,
    420.0,
    396.0,
    4464.0,
    252.0,
    4428.0,
    516.0,
    192.0,
    348.0,
    528.0,
    480.0,
    4476.0,
    444.0,
    456.0,
    612.0,
    228.0,
    1536.0,
    1368.0,
    540.0,
    2652.0,
    1488.0,
    456.0,
    1164.0,
    2664.0,
    540.0,
    456.0,
    1380.0,
    1452.0,
    4764.0,
    491.0,
    4440.0,
    1500.0,
    480.0,
    504.0,
    228.0,
    576.0,
    360.0,
    408.0,
    168.0,
    540.0,
    336.0,
    336.0,
    384.0,
    4872.0,
    1488.0,
    552.0,
    360.0,
    396.0,
    552.0,
    612.0,
    396.0
  ],
  [
    156.0,
    456.0,
    3972.0,
    983.0,
    456.0,
    1104.0,
    936.0,
    1536.0,
    768.0,
    1368.0,
    60.0,
    4488.0,
    1104.0,
    1536.0,
    36.0,
    144.0,
    924.0,
    60.0,
    924.0,
    384.0,
    144.0,
    396.0,
    0.0,
    768.0,
    1908.0,
    84.0,
    1896.0,
    120.0,
    1260.0,
    1908.0,
    2436.0,
    108.0,
    1860.0,
    1008.0,
    912.0,
    24.0,
    48.0,
    108.0,
    96.0,
    4068.0,
    516.0,
    5496.0,
    4080.0,
    1032.0,
    108.0,
    192.0,
    48.0,
    1896.0,
    900.0,
    840.0,
    72.0,
    168.0,
    983.0,
    576.0,
    576.0,
    1416.0,
    108.0,
    1032.0,
    720.0,
    792.0,
    120.0,
    1908.0,
    1872.0,
    1080.0,
    84.0,
    432.0,
    1368.0,
    624.0,
    4332.0,
    816.0,
    0.0,
    72.0,
    60.0,
    36.0,
    48.0,
    240.0,
    4008.0,
    96.0,
    1008.0,
    3036.0,
    156.0,
    1908.0,
    84.0,
    732.0,
    996.0,
    6156.0,
